{
  "class_names": [
    "NORMAL",
    "SLG_FAULT",
    "LL_FAULT",
    "THREE_PHASE_FAULT"
  ],
  "matrix": [
    [
      22531,
      0,
      0,
      0
    ],
    [
      0,
      424,
      7,
      2
    ],
    [
      0,
      202,
      175,
      13
    ],
    [
      0,
      1,
      10,
      124
    ]
  ],
  "matrix_norm": [
    [
      1.0,
      0.0,
      0.0,
      0.0
    ],
    [
      0.0,
      0.9792,
      0.0162,
      0.0046
    ],
    [
      0.0,
      0.5179,
      0.4487,
      0.0333
    ],
    [
      0.0,
      0.0074,
      0.0741,
      0.9185
    ]
  ],
  "per_class": {
    "NORMAL": {
      "precision": 1.0,
      "recall": 1.0,
      "f1": 1.0,
      "support": 22531
    },
    "SLG_FAULT": {
      "precision": 0.6762,
      "recall": 0.9792,
      "f1": 0.8,
      "support": 433
    },
    "LL_FAULT": {
      "precision": 0.9115,
      "recall": 0.4487,
      "f1": 0.6014,
      "support": 390
    },
    "THREE_PHASE_FAULT": {
      "precision": 0.8921,
      "recall": 0.9185,
      "f1": 0.9051,
      "support": 135
    }
  },
  "overall_accuracy": 0.989995
}