{
  "class_names": [
    "NORMAL",
    "SLG_FAULT",
    "LL_FAULT",
    "THREE_PHASE_FAULT"
  ],
  "matrix": [
    [
      22531,
      0,
      0,
      0
    ],
    [
      0,
      426,
      6,
      1
    ],
    [
      0,
      223,
      161,
      6
    ],
    [
      0,
      0,
      1,
      134
    ]
  ],
  "matrix_norm": [
    [
      1.0,
      0.0,
      0.0,
      0.0
    ],
    [
      0.0,
      0.9838,
      0.0139,
      0.0023
    ],
    [
      0.0,
      0.5718,
      0.4128,
      0.0154
    ],
    [
      0.0,
      0.0,
      0.0074,
      0.9926
    ]
  ],
  "per_class": {
    "NORMAL": {
      "precision": 1.0,
      "recall": 1.0,
      "f1": 1.0,
      "support": 22531
    },
    "SLG_FAULT": {
      "precision": 0.6564,
      "recall": 0.9838,
      "f1": 0.7874,
      "support": 433
    },
    "LL_FAULT": {
      "precision": 0.9583,
      "recall": 0.4128,
      "f1": 0.5771,
      "support": 390
    },
    "THREE_PHASE_FAULT": {
      "precision": 0.9504,
      "recall": 0.9926,
      "f1": 0.971,
      "support": 135
    }
  },
  "overall_accuracy": 0.98991
}