{
  "class_names": [
    "NORMAL",
    "SLG_FAULT",
    "LL_FAULT",
    "THREE_PHASE_FAULT"
  ],
  "matrix": [
    [
      22531,
      0,
      0,
      0
    ],
    [
      0,
      414,
      19,
      0
    ],
    [
      0,
      214,
      150,
      26
    ],
    [
      0,
      0,
      14,
      121
    ]
  ],
  "matrix_norm": [
    [
      1.0,
      0.0,
      0.0,
      0.0
    ],
    [
      0.0,
      0.9561,
      0.0439,
      0.0
    ],
    [
      0.0,
      0.5487,
      0.3846,
      0.0667
    ],
    [
      0.0,
      0.0,
      0.1037,
      0.8963
    ]
  ],
  "per_class": {
    "NORMAL": {
      "precision": 1.0,
      "recall": 1.0,
      "f1": 1.0,
      "support": 22531
    },
    "SLG_FAULT": {
      "precision": 0.6592,
      "recall": 0.9561,
      "f1": 0.7804,
      "support": 433
    },
    "LL_FAULT": {
      "precision": 0.8197,
      "recall": 0.3846,
      "f1": 0.5236,
      "support": 390
    },
    "THREE_PHASE_FAULT": {
      "precision": 0.8231,
      "recall": 0.8963,
      "f1": 0.8582,
      "support": 135
    }
  },
  "overall_accuracy": 0.988378
}