{
  "class_names": [
    "NORMAL",
    "SLG_FAULT",
    "LL_FAULT",
    "THREE_PHASE_FAULT"
  ],
  "matrix": [
    [
      22531,
      0,
      0,
      0
    ],
    [
      0,
      379,
      54,
      0
    ],
    [
      0,
      131,
      243,
      16
    ],
    [
      0,
      0,
      1,
      134
    ]
  ],
  "matrix_norm": [
    [
      1.0,
      0.0,
      0.0,
      0.0
    ],
    [
      0.0,
      0.8753,
      0.1247,
      0.0
    ],
    [
      0.0,
      0.3359,
      0.6231,
      0.041
    ],
    [
      0.0,
      0.0,
      0.0074,
      0.9926
    ]
  ],
  "per_class": {
    "NORMAL": {
      "precision": 1.0,
      "recall": 1.0,
      "f1": 1.0,
      "support": 22531
    },
    "SLG_FAULT": {
      "precision": 0.7431,
      "recall": 0.8753,
      "f1": 0.8038,
      "support": 433
    },
    "LL_FAULT": {
      "precision": 0.8154,
      "recall": 0.6231,
      "f1": 0.7064,
      "support": 390
    },
    "THREE_PHASE_FAULT": {
      "precision": 0.8933,
      "recall": 0.9926,
      "f1": 0.9404,
      "support": 135
    }
  },
  "overall_accuracy": 0.9914
}