{
  "class_names": [
    "NORMAL",
    "SLG_FAULT",
    "LL_FAULT",
    "THREE_PHASE_FAULT"
  ],
  "matrix": [
    [
      22531,
      0,
      0,
      0
    ],
    [
      0,
      424,
      9,
      0
    ],
    [
      0,
      207,
      181,
      2
    ],
    [
      0,
      10,
      0,
      125
    ]
  ],
  "matrix_norm": [
    [
      1.0,
      0.0,
      0.0,
      0.0
    ],
    [
      0.0,
      0.9792,
      0.0208,
      0.0
    ],
    [
      0.0,
      0.5308,
      0.4641,
      0.0051
    ],
    [
      0.0,
      0.0741,
      0.0,
      0.9259
    ]
  ],
  "per_class": {
    "NORMAL": {
      "precision": 1.0,
      "recall": 1.0,
      "f1": 1.0,
      "support": 22531
    },
    "SLG_FAULT": {
      "precision": 0.6615,
      "recall": 0.9792,
      "f1": 0.7896,
      "support": 433
    },
    "LL_FAULT": {
      "precision": 0.9526,
      "recall": 0.4641,
      "f1": 0.6241,
      "support": 390
    },
    "THREE_PHASE_FAULT": {
      "precision": 0.9843,
      "recall": 0.9259,
      "f1": 0.9542,
      "support": 135
    }
  },
  "overall_accuracy": 0.990293
}